Mejores hiperparámetros encontrados para XGBoost:
========================================
  - n_estimators: 437
  - max_depth: 6
  - learning_rate: 0.03064281113614754
  - gamma: 0.9629243896531026
  - lambda: 2.4166280713416457
  - alpha: 4.504876460277433
  - subsample: 0.9604871986639969
  - colsample_bytree: 0.840669337816051
  - min_child_weight: 12
  - max_delta_step: 0.5882164426938981
  - iqr_factor: 2.920949482943357
