Mejores hiperparámetros encontrados para XGBoost:
========================================
  - n_estimators: 610
  - max_depth: 6
  - learning_rate: 0.06064499114566896
  - gamma: 0.7980343776123726
  - lambda: 4.3052283838309995
  - alpha: 3.0703864341529834
  - subsample: 0.9600446890897418
  - colsample_bytree: 0.9702816509297337
  - min_child_weight: 5
  - max_delta_step: 0.38516876290249397
  - iqr_factor: 2.3119741646985474
