Mejores hiperparámetros encontrados para XGBoost:
========================================
  - n_estimators: 399
  - max_depth: 6
  - learning_rate: 0.1898267104649964
  - gamma: 1.8372892488559107
  - lambda: 6.430586274113755
  - alpha: 1.3093931229467575
  - subsample: 0.9365477032138014
  - colsample_bytree: 0.8008059188054935
  - min_child_weight: 9
  - max_delta_step: 6.59029791798644
