Mejores hiperparámetros — Stacking Classifier (focused)
==================================================
  xgb_learning_rate: 0.20290493600385437
  xgb_gamma: 3.15232395608675
  xgb_lambda: 2.4490109645337004
  rf_n_estimators: 381
  rf_min_samples_split: 2
  lgbm_colsample_bytree: 0.5071969601466384
  lgbm_alpha: 0.7095379515151117
