Mejores hiperparámetros encontrados para XGBoost:
========================================
  - n_estimators: 996
  - max_depth: 8
  - learning_rate: 0.028361958864125708
  - gamma: 2.1115073409118503
  - lambda: 0.8339961507206956
  - alpha: 1.7934470750314846
  - subsample: 0.6858099042365169
  - colsample_bytree: 0.9995180117760135
  - min_child_weight: 15
  - max_delta_step: 6.352578942891649
